# BEGIN HISTOGRAM /CMS_2011_S8968497/d09-x01-y01
AidaPath=/CMS_2011_S8968497/d09-x01-y01
1	1.5	2	0.0705686	0.00384607	0.00384607
2	2.5	3	0.0644267	0.003673	0.003673
3	3.5	4	0.065737	0.00371163	0.00371163
4	4.5	5	0.0689787	0.00379916	0.00379916
5	5.5	6	0.0640647	0.00365818	0.00365818
6	6.5	7	0.0639486	0.00366364	0.00366364
7	7.5	8	0.0601799	0.00355426	0.00355426
8	8.5	9	0.0654031	0.00370462	0.00370462
9	9.5	10	0.0706953	0.00385892	0.00385892
10	11	12	0.0666648	0.00264272	0.00264272
12	13	14	0.0664337	0.00263557	0.00263557
14	15	16	0.0699001	0.00270387	0.00270387
# END HISTOGRAM

# BEGIN HISTOSTATS /CMS_2011_S8968497/d09-x01-y01
AidaPath=/CMS_2011_S8968497/d09-x01-y01
1	1.5	2	337	0.0705686484670922	1.47922700487986e-05	0.103062865219221	0.156228988829713
2	2.5	3	308	0.0644267027513866	1.34909604023788e-05	0.162067551956279	0.412911782150399
3	3.5	4	314	0.0657370464875514	1.37762069642792e-05	0.230720254220366	0.815261466227456
4	4.5	5	330	0.068978701140809	1.44336354599297e-05	0.311130267410116	1.40900585327638
5	5.5	6	307	0.0640647143380837	1.33822945082152e-05	0.351404168502162	1.93263372216584
6	6.5	7	305	0.0639486135305366	1.34222623466027e-05	0.415016329726418	2.6988504013683
7	7.5	8	287	0.0601799438368225	1.26327497799874e-05	0.452851276374931	3.41283160456323
8	8.5	9	312	0.0654031163375668	1.37242461417893e-05	0.555705666351565	4.72672175044121
9	9.5	10	336	0.0706953296440508	1.48912478355878e-05	0.670403209912859	6.36329954092728
10	11	12	637	0.133329685517272	2.79359807439496e-05	1.47118236708843	16.2753063618226
12	13	14	636	0.132867369778233	2.77850183433518e-05	1.7274508619923	22.5039653656978
14	15	16	669	0.139800128170594	2.92436881981808e-05	2.09842614718972	31.5436037768656
# END HISTOSTATS

# BEGIN METADATA 
beam=pp
crosssection=3.34503e+07
cuts=cms2011-m250
energy=7000
generator=pythia8
nevts=600000
observable=dijet_chi
params=20,-,210
process=jets
revision=%revision%
rivet=1.8.0
seed=5 4 3 2 1 0
specific=-
tune=tune-2m
version=8.145
# END METADATA

# BEGIN PLOT /CMS_2011_S8968497/d09-x01-y01
Title=$\chi_{\text{dijet}}$ for $0.25\,\text{TeV} <M_{jj}< 0.35\,\text{TeV}$, $|y_1+y_2|/2 < 1.11$, $\sqrt{s} = 7\,\text{TeV}$
# END PLOT

