# BEGIN METADATA
beam=pp
process=jets
energy=7000
params=20,-,210
specific=-
generator=pythia8
version=8.145
tune=tune-2m
nevts=100000
seed=6
crosssection=33515934.7885097
rivet=1.8.0
revision=%revision%
observable=dijet_chi
cuts=cms2011-m250
# END METADATA

# BEGIN HISTOGRAM /CMS_2011_S8968497/d09-x01-y01
AidaPath=/CMS_2011_S8968497/d09-x01-y01
1	1.5	2	0.0713392	0.0094491	0.0094491
2	2.5	3	0.0763454	0.00977503	0.00977503
3	3.5	4	0.0650814	0.00902516	0.00902516
4	4.5	5	0.0625782	0.0088499	0.0088499
5	5.5	6	0.057572	0.00848852	0.00848852
6	6.5	7	0.048811	0.00781602	0.00781602
7	7.5	8	0.0625782	0.0088499	0.0088499
8	8.5	9	0.0750939	0.00969458	0.00969458
9	9.5	10	0.0750939	0.00969458	0.00969458
10	11	12	0.0663329	0.00644282	0.00644282
12	13	14	0.0657071	0.00641236	0.00641236
14	15	16	0.0707134	0.00665216	0.00665216
# END HISTOGRAM

# BEGIN HISTOSTATS /CMS_2011_S8968497/d09-x01-y01
AidaPath=/CMS_2011_S8968497/d09-x01-y01
1	1.5	2	57	0.0713391739674593	8.92855744273584e-05	0.103608357904933	0.156743566683995
2	2.5	3	61	0.0763454317897372	9.55512287731379e-05	0.189487690675858	0.475971548977296
3	3.5	4	52	0.065081351689612	8.1453506495134e-05	0.226871901429417	0.796641611179951
4	4.5	5	50	0.0625782227784731	7.83206793222442e-05	0.283514281915495	1.28965872759303
5	5.5	6	46	0.0575719649561953	7.20550249764647e-05	0.31613707559897	1.74106352219307
6	6.5	7	39	0.048811013767209	6.10901298713505e-05	0.319131632541416	2.09058363865802
7	7.5	8	50	0.0625782227784731	7.83206793222442e-05	0.47196727946847	3.56482667560255
8	8.5	9	60	0.0750938673341677	9.3984815186693e-05	0.641201418656788	5.48016708619574
9	9.5	10	60	0.0750938673341677	9.3984815186693e-05	0.713817843191705	6.79136774249997
10	11	12	106	0.132665832290363	0.000166039840163158	1.46785009962748	16.284420461035
12	13	14	105	0.131414267834794	0.000164473426576713	1.7134274192129	22.382050903725
14	15	16	113	0.141426783479349	0.000177004735268272	2.11961097758896	31.8166851868994
# END HISTOSTATS

# BEGIN PLOT /CMS_2011_S8968497/d09-x01-y01
Title=$\chi_{\text{dijet}}$ for $0.25\,\text{TeV} <M_{jj}< 0.35\,\text{TeV}$, $|y_1+y_2|/2 < 1.11$, $\sqrt{s} = 7\,\text{TeV}$
# END PLOT
