# BEGIN HISTOGRAM /CMS_2011_S8968497/d09-x01-y01
AidaPath=/CMS_2011_S8968497/d09-x01-y01
1	1.5	2	0.0706787	0.00356229	0.00356229
2	2.5	3	0.0661294	0.00344409	0.00344409
3	3.5	4	0.0656434	0.00343273	0.00343273
4	4.5	5	0.0680643	0.00349323	0.00349323
5	5.5	6	0.0631372	0.0033619	0.0033619
6	6.5	7	0.0617861	0.00333287	0.00333287
7	7.5	8	0.0605226	0.00329842	0.00329842
8	8.5	9	0.0667875	0.00346427	0.00346427
9	9.5	10	0.0713237	0.00358588	0.00358588
10	11	12	0.0666174	0.00244504	0.00244504
12	13	14	0.0663299	0.00243773	0.00243773
14	15	16	0.0700163	0.00250487	0.00250487
# END HISTOGRAM

# BEGIN HISTOSTATS /CMS_2011_S8968497/d09-x01-y01
AidaPath=/CMS_2011_S8968497/d09-x01-y01
1	1.5	2	394	0.0706787235385732	1.26899448200838e-05	0.103140792745751	0.156302499951753
2	2.5	3	369	0.0661293783282938	1.18617510869138e-05	0.165984714630505	0.421920320268527
3	3.5	4	366	0.0656433758021315	1.1783611371616e-05	0.230170489535945	0.812601486934955
4	4.5	5	380	0.0680643470890467	1.22026848138717e-05	0.30718512662517	1.39195626389304
5	5.5	6	353	0.0631371787120996	1.13024005565758e-05	0.346366012373135	1.90526655074116
6	6.5	7	344	0.0617860992786327	1.11079913132459e-05	0.401318515842846	2.61195514955255
7	7.5	8	337	0.0605225551142012	1.08795851306488e-05	0.455582133959722	3.43454518614028
8	8.5	9	372	0.0667875093370812	1.20011770671655e-05	0.567919345252311	4.83435679840614
9	9.5	10	396	0.0713236921712104	1.28585660666909e-05	0.676605300381266	6.42445214115195
10	11	12	743	0.133234849341999	2.3912962182558e-05	1.47070632887972	16.2766083759958
12	13	14	741	0.132659783786313	2.37700834068853e-05	1.72544751302381	22.4865490139874
14	15	16	782	0.140032507500416	2.50975002123016e-05	2.10145255153247	31.5826154068704
# END HISTOSTATS

# BEGIN METADATA 
beam=pp
crosssection=3.34597e+07
cuts=cms2011-m250
energy=7000
generator=pythia8
nevts=700000
observable=dijet_chi
params=20,-,210
process=jets
revision=%revision%
rivet=1.8.0
seed=6 5 4 3 2 1 0
specific=-
tune=tune-2m
version=8.145
# END METADATA

# BEGIN PLOT /CMS_2011_S8968497/d09-x01-y01
Title=$\chi_{\text{dijet}}$ for $0.25\,\text{TeV} <M_{jj}< 0.35\,\text{TeV}$, $|y_1+y_2|/2 < 1.11$, $\sqrt{s} = 7\,\text{TeV}$
# END PLOT

