# BEGIN METADATA
beam=ppbar
process=uemb-soft
energy=1800
params=-
specific=-
generator=pythia8
version=8.145
tune=tune-4c
nevts=100
seed=345
crosssection=58212829574.7549
rivet=1.8.2
revision=%revision%
observable=eta
cuts=cdf-vtpc
# END METADATA

# BEGIN HISTOGRAM /CDF_1990_S2089246/d03-x01-y01
AidaPath=/CDF_1990_S2089246/d03-x01-y01
0	0.125	0.25	4.64865	0.354456	0.354456
0.25	0.375	0.5	4.91892	0.364615	0.364615
0.5	0.625	0.75	4.67568	0.355485	0.355485
0.75	0.875	1	5.35135	0.380304	0.380304
1	1.25	1.5	5	0.259938	0.259938
1.5	1.75	2	5.45946	0.271618	0.271618
2	2.25	2.5	4.98649	0.259586	0.259586
2.5	2.75	3	4.77027	0.253896	0.253896
3	3.25	3.5	4.05405	0.234061	0.234061
# END HISTOGRAM

# BEGIN HISTOSTATS /CDF_1990_S2089246/d03-x01-y01
AidaPath=/CDF_1990_S2089246/d03-x01-y01
0	0.125	0.25	172	1.16216216216216	0.00785244704163623	0.145757676572961	0.0236730211267942
0.25	0.375	0.5	182	1.22972972972973	0.00830898466033601	0.460798555406095	0.178853895201223
0.5	0.625	0.75	173	1.16891891891892	0.00789810080350621	0.734842390708112	0.467668273330892
0.75	0.875	1	198	1.33783783783784	0.00903944485025566	1.17915218839505	1.04681441925105
1	1.25	1.5	370	2.5	0.0168918918918919	3.12552389232528	3.96214660235944
1.5	1.75	2	404	2.72972972972973	0.0184441197954711	4.78646239618396	8.44908424002107
2	2.25	2.5	369	2.49324324324324	0.0168462381300219	5.60909167759141	12.6699053870819
2.5	2.75	3	353	2.38513513513514	0.0161157779401023	6.55042222950337	18.043589558436
3	3.25	3.5	300	2.02702702702703	0.0136961285609934	6.56615967416512	21.3129570127705
# END HISTOSTATS

# BEGIN PLOT /CDF_1990_S2089246/d03-x01-y01
Title=Pseudorapidity distribution at $\sqrt{s} = \unit{1800}{\GeV}$
XLabel=$\eta$
YLabel=$\mathrm{d}{N_\text{ch}}/\mathrm{d}{\eta}$
LogY=0
# END PLOT
