# BEGIN HISTOGRAM /ALEPH_1996_S3486095/d04-x01-y01
AidaPath=/ALEPH_1996_S3486095/d04-x01-y01
0	0.01	0.02	0.193875	0.00148429	0.00148429
0.02	0.03	0.04	3.34374	0.00616417	0.00616417
0.04	0.045	0.05	7.87552	0.0133787	0.0133787
0.05	0.055	0.06	9.9815	0.0150616	0.0150616
0.06	0.065	0.07	10.7716	0.0156464	0.0156464
0.07	0.075	0.08	10.4561	0.0154155	0.0154155
0.08	0.09	0.1	8.87063	0.01004	0.01004
0.1	0.11	0.12	6.35608	0.00849872	0.00849872
0.12	0.13	0.14	4.23401	0.00693641	0.00693641
0.14	0.15	0.16	2.71869	0.00555826	0.00555826
0.16	0.18	0.2	1.40447	0.00282488	0.00282488
0.2	0.22	0.24	0.569057	0.00179813	0.00179813
0.24	0.26	0.28	0.237392	0.00116139	0.00116139
0.28	0.3	0.32	0.0978012	0.000745445	0.000745445
0.32	0.34	0.36	0.0395625	0.000474117	0.000474117
0.36	0.38	0.4	0.0153295	0.000295127	0.000295127
0.4	0.425	0.45	0.00449091	0.000142875	0.000142875
0.45	0.475	0.5	0.000804546	6.04733e-05	6.04733e-05
# END HISTOGRAM

# BEGIN HISTOSTATS /ALEPH_1996_S3486095/d04-x01-y01
AidaPath=/ALEPH_1996_S3486095/d04-x01-y01
0	0.01	0.02	17061	0.00387750082046274	8.81250372939479e-10	6.23718464103767e-05	1.05063673360586e-06
0.02	0.03	0.04	294249	0.0668747880251532	1.51988189370878e-08	0.00219982676096465	7.41139508766461e-05
0.04	0.045	0.05	346523	0.078755245075178	1.78989233813197e-08	0.00356613008160139	0.000162126261104043
0.05	0.055	0.06	439186	0.0998150223456784	2.26852374299044e-08	0.00550101137324982	0.000303999328016206
0.06	0.065	0.07	473952	0.107716388168427	2.44810028865311e-08	0.00700327634233007	0.000456218687376205
0.07	0.075	0.08	460068	0.104560933263877	2.37638539629749e-08	0.00783519433028824	0.00058799390330483
0.08	0.09	0.1	780615	0.177412540243583	4.03210410199025e-08	0.0158838853886568	0.00142794784719607
0.1	0.11	0.12	559335	0.127121619782107	2.88912837853208e-08	0.0139005667900356	0.00152420690921607
0.12	0.13	0.14	372593	0.0846802463706455	1.92455148792624e-08	0.0109469324673434	0.00141794680167602
0.14	0.15	0.16	239245	0.0543738760910337	1.23577019422336e-08	0.00811490587120762	0.00121288551084879
0.16	0.18	0.2	247187	0.0561788765251289	1.27679294122779e-08	0.00994461636850113	0.00176755201937643
0.2	0.22	0.24	100154	0.0227622778977791	5.17324615189477e-09	0.00494090884453354	0.0010754253942639
0.24	0.26	0.28	41781	0.00949568392956659	2.15811046385739e-09	0.00244176506650429	0.000629107125423818
0.28	0.3	0.32	17213	0.00391204633182698	8.89101638435733e-10	0.00116198380328884	0.000345641730710098
0.32	0.34	0.36	6963	0.00158250035227624	3.5965925103546e-10	0.000533050517566217	0.000179751772475681
0.36	0.38	0.4	2698	0.000613181984092567	1.39359579546586e-10	0.000230993678773173	8.70952086465104e-05
0.4	0.425	0.45	988	0.000224545513636955	5.10330847111469e-11	9.41505945682273e-05	3.95202992226712e-05
0.45	0.475	0.5	177	4.02272795455228e-05	9.14256508269124e-12	1.88402896247721e-05	8.83172073851068e-06
# END HISTOSTATS

# BEGIN METADATA 
beam=ee
crosssection=41418.3
cuts=aleph1-charged
energy=91.2
generator=pythia8
nevts=4400000
observable=Tminor
params=-
process=zhad
revision=%revision%
rivet=1.8.2
seed=47 46 45 44 43 41 40 39 38 37 36 35 34 33 32 31 30 29 28 27 26 25 24 23 22 21 20 19 16 15 14 13 12 11 10 9 8 7 6 4 5 3 2 1
specific=-
tune=default
version=8.170
# END METADATA

# BEGIN PLOT /ALEPH_1996_S3486095/d04-x01-y01
FullRange=1
Title=Thrust minor, $m$ (charged)
XLabel=$m$
YLabel=$1/N \, \text{d}{N}/\text{d}{m}$
# END PLOT

